Nucleotide	Sequence	Modified_mutations	Modified_read_depth	Modified_effective_depth	Modified_rate	Modified_off_target_mapped_depth	Modified_low_mapq_mapped_depth	Modified_primer_pair_1_mapped_depth	Untreated_mutations	Untreated_read_depth	Untreated_effective_depth	Untreated_rate	Untreated_off_target_mapped_depth	Untreated_low_mapq_mapped_depth	Untreated_primer_pair_1_mapped_depth	Denatured_mutations	Denatured_read_depth	Denatured_effective_depth	Denatured_rate	Denatured_off_target_mapped_depth	Denatured_low_mapq_mapped_depth	Denatured_primer_pair_1_mapped_depth	Reactivity_profile	Std_err	HQ_profile	HQ_stderr	Norm_profile	Norm_stderr
1	g	0	38225	0	nan	4	0	38225	0	0	0	nan	0	0	0	0	0	0	nan	0	0	0	nan	nan	nan	nan	nan	nan
2	g	0	38253	0	nan	4	0	38253	0	0	0	nan	0	0	0	0	0	0	nan	0	0	0	nan	nan	nan	nan	nan	nan
3	u	0	38272	0	nan	4	0	38272	0	0	0	nan	0	0	0	0	0	0	nan	0	0	0	nan	nan	nan	nan	nan	nan
4	g	0	38285	0	nan	4	0	38285	0	0	0	nan	0	0	0	0	0	0	nan	0	0	0	nan	nan	nan	nan	nan	nan
5	u	0	38299	0	nan	4	0	38299	0	0	0	nan	0	0	0	0	0	0	nan	0	0	0	nan	nan	nan	nan	nan	nan
6	a	0	38310	0	nan	4	0	38310	0	0	0	nan	0	0	0	0	0	0	nan	0	0	0	nan	nan	nan	nan	nan	nan
7	a	0	38345	0	nan	4	0	38345	0	0	0	nan	0	0	0	0	0	0	nan	0	0	0	nan	nan	nan	nan	nan	nan
8	g	0	38436	0	nan	4	0	38436	0	0	0	nan	0	0	0	0	0	0	nan	0	0	0	nan	nan	nan	nan	nan	nan
9	g	0	39884	0	nan	4	0	39884	0	0	0	nan	0	0	0	0	0	0	nan	0	0	0	nan	nan	nan	nan	nan	nan
10	g	0	240131	0	nan	5	0	240131	0	0	0	nan	0	0	0	0	0	0	nan	0	0	0	nan	nan	nan	nan	nan	nan
11	u	0	248534	0	nan	5	0	248534	0	0	0	nan	0	0	0	0	0	0	nan	0	0	0	nan	nan	nan	nan	nan	nan
12	g	0	248767	0	nan	5	1	248767	0	0	0	nan	0	0	0	0	0	0	nan	0	0	0	nan	nan	nan	nan	nan	nan
13	a	0	248791	0	nan	5	1	248791	0	0	0	nan	0	0	0	0	0	0	nan	0	0	0	nan	nan	nan	nan	nan	nan
14	a	0	248797	0	nan	5	1	248797	0	0	0	nan	0	0	0	0	0	0	nan	0	0	0	nan	nan	nan	nan	nan	nan
15	g	0	248820	0	nan	7	1	248820	0	0	0	nan	0	0	0	0	0	0	nan	0	0	0	nan	nan	nan	nan	nan	nan
16	u	0	248833	0	nan	7	1	248833	0	0	0	nan	0	0	0	0	0	0	nan	0	0	0	nan	nan	nan	nan	nan	nan
17	g	0	248851	0	nan	7	1	248851	0	0	0	nan	0	0	0	0	0	0	nan	0	0	0	nan	nan	nan	nan	nan	nan
18	u	0	248853	0	nan	7	1	248853	0	0	0	nan	0	0	0	0	0	0	nan	0	0	0	nan	nan	nan	nan	nan	nan
19	a	0	248928	0	nan	7	1	248928	0	0	0	nan	0	0	0	0	0	0	nan	0	0	0	nan	nan	nan	nan	nan	nan
20	A	0	248961	14	0.000000	7	1	248961	0	0	0	nan	0	0	0	0	0	0	nan	0	0	0	0.000000	0.000000	nan	nan	nan	nan
21	G	0	249013	28	0.000000	7	1	249013	0	0	0	nan	0	0	0	0	0	0	nan	0	0	0	0.000000	0.000000	nan	nan	nan	nan
22	G	0	249024	30	0.000000	7	1	249024	0	0	0	nan	0	0	0	0	0	0	nan	0	0	0	0.000000	0.000000	nan	nan	nan	nan
23	U	0	249039	238376	0.000000	7	1	249039	0	0	0	nan	0	0	0	0	0	0	nan	0	0	0	0.000000	0.000000	0.000000	0.000000	nan	nan
24	U	284	249053	245373	0.001157	7	1	249053	0	0	0	nan	0	0	0	0	0	0	nan	0	0	0	0.001157	0.000069	0.001157	0.000069	nan	nan
25	G	622	249065	245760	0.002531	7	1	249065	0	0	0	nan	0	0	0	0	0	0	nan	0	0	0	0.002531	0.000101	0.002531	0.000101	0.399905	0.015958
26	A	2209	249075	244624	0.009030	7	1	249075	0	0	0	nan	0	0	0	0	0	0	nan	0	0	0	0.009030	0.000192	0.009030	0.000192	0.823924	0.017519
27	A	2448	249082	243053	0.010072	7	1	249082	0	0	0	nan	0	0	0	0	0	0	nan	0	0	0	0.010072	0.000204	0.010072	0.000204	0.918999	0.018614
28	C	3250	249092	241598	0.013452	7	1	249091	0	0	0	nan	0	0	0	0	0	0	nan	0	0	0	0.013452	0.000236	0.013452	0.000236	0.932661	0.016362
29	U	244	249109	242059	0.001008	7	1	249106	0	0	0	nan	0	0	0	0	0	0	nan	0	0	0	0.001008	0.000065	0.001008	0.000065	nan	nan
30	U	262	249126	242517	0.001080	6	1	249113	0	0	0	nan	0	0	0	0	0	0	nan	0	0	0	0.001080	0.000067	0.001080	0.000067	nan	nan
31	U	337	249151	244110	0.001381	6	1	249138	0	0	0	nan	0	0	0	0	0	0	nan	0	0	0	0.001381	0.000075	0.001381	0.000075	nan	nan
32	U	261	249193	245618	0.001063	6	1	249180	0	0	0	nan	0	0	0	0	0	0	nan	0	0	0	0.001063	0.000066	0.001063	0.000066	nan	nan
33	G	1566	249231	245352	0.006383	6	1	249217	0	0	0	nan	0	0	0	0	0	0	nan	0	0	0	0.006383	0.000161	0.006383	0.000161	1.008532	0.025438
34	A	2693	249242	245150	0.010985	6	1	249228	0	0	0	nan	0	0	0	0	0	0	nan	0	0	0	0.010985	0.000212	0.010985	0.000212	1.002304	0.019344
35	A	2178	249250	243692	0.008938	6	1	249236	0	0	0	nan	0	0	0	0	0	0	nan	0	0	0	0.008938	0.000192	0.008938	0.000192	0.815530	0.017519
36	U	248	249253	243564	0.001018	6	1	249240	0	0	0	nan	0	0	0	0	0	0	nan	0	0	0	0.001018	0.000065	0.001018	0.000065	nan	nan
37	A	2660	249260	244388	0.010884	6	1	249245	0	0	0	nan	0	0	0	0	0	0	nan	0	0	0	0.010884	0.000211	0.010884	0.000211	0.993088	0.019252
38	G	411	249275	244048	0.001684	7	1	249263	0	0	0	nan	0	0	0	0	0	0	nan	0	0	0	0.001684	0.000083	0.001684	0.000083	0.266077	0.013114
39	U	431	249286	246084	0.001751	7	1	249276	0	0	0	nan	0	0	0	0	0	0	nan	0	0	0	0.001751	0.000084	0.001751	0.000084	nan	nan
40	G	1073	249314	244728	0.004384	7	1	249305	0	0	0	nan	0	0	0	0	0	0	nan	0	0	0	0.004384	0.000134	0.004384	0.000134	0.692684	0.021172
41	A	3190	249341	245344	0.013002	7	1	249333	0	0	0	nan	0	0	0	0	0	0	nan	0	0	0	0.013002	0.000230	0.013002	0.000230	1.186341	0.020986
42	U	463	249371	243763	0.001899	7	1	249366	0	0	0	nan	0	0	0	0	0	0	nan	0	0	0	0.001899	0.000088	0.001899	0.000088	nan	nan
43	U	442	249402	243665	0.001814	7	1	249397	0	0	0	nan	0	0	0	0	0	0	nan	0	0	0	0.001814	0.000086	0.001814	0.000086	nan	nan
44	C	3595	249420	243783	0.014747	7	1	249415	0	0	0	nan	0	0	0	0	0	0	nan	0	0	0	0.014747	0.000246	0.014747	0.000246	1.022446	0.017056
45	A	2752	249459	245319	0.011218	7	1	249454	0	0	0	nan	0	0	0	0	0	0	nan	0	0	0	0.011218	0.000214	0.011218	0.000214	1.023563	0.019526
46	G	1316	249504	246503	0.005339	7	2	249501	0	0	0	nan	0	0	0	0	0	0	nan	0	0	0	0.005339	0.000147	0.005339	0.000147	0.843577	0.023226
47	G	1073	249516	245891	0.004364	7	2	249513	0	0	0	nan	0	0	0	0	0	0	nan	0	0	0	0.004364	0.000133	0.004364	0.000133	0.689524	0.021014
48	A	2380	249522	240234	0.009907	7	2	249519	0	0	0	nan	0	0	0	0	0	0	nan	0	0	0	0.009907	0.000203	0.009907	0.000203	0.903944	0.018522
49	G	1520	249582	240146	0.006329	7	2	249581	0	0	0	nan	0	0	0	0	0	0	nan	0	0	0	0.006329	0.000162	0.006329	0.000162	1.000000	0.025596
50	G	410	249602	240660	0.001704	4	2	249602	0	0	0	nan	0	0	0	0	0	0	nan	0	0	0	0.001704	0.000084	0.001704	0.000084	0.269237	0.013272
51	U	205	249611	240316	0.000853	4	2	249611	0	0	0	nan	0	0	0	0	0	0	nan	0	0	0	0.000853	0.000060	0.000853	0.000060	nan	nan
52	U	340	249616	245636	0.001384	4	2	249616	0	0	0	nan	0	0	0	0	0	0	nan	0	0	0	0.001384	0.000075	0.001384	0.000075	nan	nan
53	A	2396	249619	245860	0.009745	4	2	249619	0	0	0	nan	0	0	0	0	0	0	nan	0	0	0	0.009745	0.000199	0.009745	0.000199	0.889163	0.018157
54	A	2150	249607	245998	0.008740	4	2	249606	0	0	0	nan	0	0	0	0	0	0	nan	0	0	0	0.008740	0.000188	0.008740	0.000188	0.797463	0.017154
55	U	923	249610	246479	0.003745	4	2	249609	0	0	0	nan	0	0	0	0	0	0	nan	0	0	0	0.003745	0.000123	0.003745	0.000123	nan	nan
56	G	1851	249619	246710	0.007503	4	2	249618	0	0	0	nan	0	0	0	0	0	0	nan	0	0	0	0.007503	0.000174	0.007503	0.000174	1.185495	0.027492
57	G	0	249622	246336	0.000000	4	2	249621	0	0	0	nan	0	0	0	0	0	0	nan	0	0	0	0.000000	0.000000	0.000000	0.000000	0.000000	0.000000
58	A	0	249625	0	nan	4	2	249625	0	0	0	nan	0	0	0	0	0	0	nan	0	0	0	nan	nan	nan	nan	nan	nan
59	A	0	249625	0	nan	4	2	249625	0	0	0	nan	0	0	0	0	0	0	nan	0	0	0	nan	nan	nan	nan	nan	nan
60	G	0	249625	0	nan	4	2	249625	0	0	0	nan	0	0	0	0	0	0	nan	0	0	0	nan	nan	nan	nan	nan	nan
61	u	0	249625	0	nan	4	2	249625	0	0	0	nan	0	0	0	0	0	0	nan	0	0	0	nan	nan	nan	nan	nan	nan
62	a	0	249625	0	nan	4	2	249625	0	0	0	nan	0	0	0	0	0	0	nan	0	0	0	nan	nan	nan	nan	nan	nan
63	a	0	249625	0	nan	4	2	249625	0	0	0	nan	0	0	0	0	0	0	nan	0	0	0	nan	nan	nan	nan	nan	nan
64	a	0	249625	0	nan	4	2	249625	0	0	0	nan	0	0	0	0	0	0	nan	0	0	0	nan	nan	nan	nan	nan	nan
65	g	0	249625	0	nan	4	2	249625	0	0	0	nan	0	0	0	0	0	0	nan	0	0	0	nan	nan	nan	nan	nan	nan
66	g	0	249625	0	nan	4	2	249625	0	0	0	nan	0	0	0	0	0	0	nan	0	0	0	nan	nan	nan	nan	nan	nan
67	u	0	249625	0	nan	4	2	249625	0	0	0	nan	0	0	0	0	0	0	nan	0	0	0	nan	nan	nan	nan	nan	nan
68	a	0	249625	0	nan	3	2	249625	0	0	0	nan	0	0	0	0	0	0	nan	0	0	0	nan	nan	nan	nan	nan	nan
69	a	0	249625	0	nan	3	2	249625	0	0	0	nan	0	0	0	0	0	0	nan	0	0	0	nan	nan	nan	nan	nan	nan
70	u	0	249625	0	nan	3	2	249625	0	0	0	nan	0	0	0	0	0	0	nan	0	0	0	nan	nan	nan	nan	nan	nan
71	g	0	249625	0	nan	3	2	249625	0	0	0	nan	0	0	0	0	0	0	nan	0	0	0	nan	nan	nan	nan	nan	nan
72	a	0	249623	0	nan	3	2	249623	0	0	0	nan	0	0	0	0	0	0	nan	0	0	0	nan	nan	nan	nan	nan	nan
73	a	0	249621	0	nan	3	2	249621	0	0	0	nan	0	0	0	0	0	0	nan	0	0	0	nan	nan	nan	nan	nan	nan
74	g	0	249621	0	nan	3	2	249621	0	0	0	nan	0	0	0	0	0	0	nan	0	0	0	nan	nan	nan	nan	nan	nan
75	g	0	249620	0	nan	3	2	249620	0	0	0	nan	0	0	0	0	0	0	nan	0	0	0	nan	nan	nan	nan	nan	nan
76	u	0	249614	0	nan	3	2	249614	0	0	0	nan	0	0	0	0	0	0	nan	0	0	0	nan	nan	nan	nan	nan	nan
77	g	0	249612	0	nan	3	2	249612	0	0	0	nan	0	0	0	0	0	0	nan	0	0	0	nan	nan	nan	nan	nan	nan
78	a	0	249602	0	nan	3	2	249602	0	0	0	nan	0	0	0	0	0	0	nan	0	0	0	nan	nan	nan	nan	nan	nan
79	a	0	249566	0	nan	3	2	249566	0	0	0	nan	0	0	0	0	0	0	nan	0	0	0	nan	nan	nan	nan	nan	nan
80	g	0	249437	0	nan	3	2	249437	0	0	0	nan	0	0	0	0	0	0	nan	0	0	0	nan	nan	nan	nan	nan	nan