Nucleotide	Sequence	Modified_mutations	Modified_read_depth	Modified_effective_depth	Modified_rate	Modified_off_target_mapped_depth	Modified_low_mapq_mapped_depth	Modified_primer_pair_1_mapped_depth	Untreated_mutations	Untreated_read_depth	Untreated_effective_depth	Untreated_rate	Untreated_off_target_mapped_depth	Untreated_low_mapq_mapped_depth	Untreated_primer_pair_1_mapped_depth	Denatured_mutations	Denatured_read_depth	Denatured_effective_depth	Denatured_rate	Denatured_off_target_mapped_depth	Denatured_low_mapq_mapped_depth	Denatured_primer_pair_1_mapped_depth	Reactivity_profile	Std_err	HQ_profile	HQ_stderr	Norm_profile	Norm_stderr
1	g	0	41832	0	nan	6	1	41832	0	0	0	nan	0	0	0	0	0	0	nan	0	0	0	nan	nan	nan	nan	nan	nan
2	g	0	41868	0	nan	6	1	41868	0	0	0	nan	0	0	0	0	0	0	nan	0	0	0	nan	nan	nan	nan	nan	nan
3	u	0	41892	0	nan	6	1	41892	0	0	0	nan	0	0	0	0	0	0	nan	0	0	0	nan	nan	nan	nan	nan	nan
4	g	0	41911	0	nan	6	1	41911	0	0	0	nan	0	0	0	0	0	0	nan	0	0	0	nan	nan	nan	nan	nan	nan
5	u	0	41934	0	nan	6	1	41934	0	0	0	nan	0	0	0	0	0	0	nan	0	0	0	nan	nan	nan	nan	nan	nan
6	a	0	41949	0	nan	6	1	41949	0	0	0	nan	0	0	0	0	0	0	nan	0	0	0	nan	nan	nan	nan	nan	nan
7	a	0	42000	0	nan	6	1	42000	0	0	0	nan	0	0	0	0	0	0	nan	0	0	0	nan	nan	nan	nan	nan	nan
8	g	0	42103	0	nan	6	1	42103	0	0	0	nan	0	0	0	0	0	0	nan	0	0	0	nan	nan	nan	nan	nan	nan
9	g	0	43921	0	nan	6	1	43921	0	0	0	nan	0	0	0	0	0	0	nan	0	0	0	nan	nan	nan	nan	nan	nan
10	g	0	251010	0	nan	6	1	251010	0	0	0	nan	0	0	0	0	0	0	nan	0	0	0	nan	nan	nan	nan	nan	nan
11	u	0	260078	0	nan	6	1	260078	0	0	0	nan	0	0	0	0	0	0	nan	0	0	0	nan	nan	nan	nan	nan	nan
12	g	0	260418	0	nan	6	1	260418	0	0	0	nan	0	0	0	0	0	0	nan	0	0	0	nan	nan	nan	nan	nan	nan
13	a	0	260450	0	nan	6	1	260450	0	0	0	nan	0	0	0	0	0	0	nan	0	0	0	nan	nan	nan	nan	nan	nan
14	a	0	260461	0	nan	6	1	260461	0	0	0	nan	0	0	0	0	0	0	nan	0	0	0	nan	nan	nan	nan	nan	nan
15	g	0	260494	0	nan	10	1	260494	0	0	0	nan	0	0	0	0	0	0	nan	0	0	0	nan	nan	nan	nan	nan	nan
16	u	0	260506	0	nan	10	1	260506	0	0	0	nan	0	0	0	0	0	0	nan	0	0	0	nan	nan	nan	nan	nan	nan
17	g	0	260529	0	nan	10	1	260529	0	0	0	nan	0	0	0	0	0	0	nan	0	0	0	nan	nan	nan	nan	nan	nan
18	u	0	260534	0	nan	10	1	260534	0	0	0	nan	0	0	0	0	0	0	nan	0	0	0	nan	nan	nan	nan	nan	nan
19	a	0	260634	0	nan	10	1	260634	0	0	0	nan	0	0	0	0	0	0	nan	0	0	0	nan	nan	nan	nan	nan	nan
20	A	0	260659	14	0.000000	10	1	260659	0	0	0	nan	0	0	0	0	0	0	nan	0	0	0	0.000000	0.000000	nan	nan	nan	nan
21	G	0	260708	30	0.000000	10	1	260708	0	0	0	nan	0	0	0	0	0	0	nan	0	0	0	0.000000	0.000000	nan	nan	nan	nan
22	G	0	260726	31	0.000000	10	1	260726	0	0	0	nan	0	0	0	0	0	0	nan	0	0	0	0.000000	0.000000	nan	nan	nan	nan
23	U	0	260742	250192	0.000000	10	1	260742	0	0	0	nan	0	0	0	0	0	0	nan	0	0	0	0.000000	0.000000	0.000000	0.000000	nan	nan
24	U	356	260754	256941	0.001386	10	1	260754	0	0	0	nan	0	0	0	0	0	0	nan	0	0	0	0.001386	0.000073	0.001386	0.000073	nan	nan
25	G	532	260769	257019	0.002070	10	1	260769	0	0	0	nan	0	0	0	0	0	0	nan	0	0	0	0.002070	0.000090	0.002070	0.000090	0.559308	0.024318
26	A	3816	260775	255540	0.014933	10	1	260775	0	0	0	nan	0	0	0	0	0	0	nan	0	0	0	0.014933	0.000242	0.014933	0.000242	0.874451	0.014171
27	A	4220	260777	253789	0.016628	10	1	260777	0	0	0	nan	0	0	0	0	0	0	nan	0	0	0	0.016628	0.000256	0.016628	0.000256	0.973707	0.014991
28	C	5660	260787	252379	0.022427	10	1	260787	0	0	0	nan	0	0	0	0	0	0	nan	0	0	0	0.022427	0.000298	0.022427	0.000298	1.001966	0.013314
29	U	231	260803	253252	0.000912	10	1	260803	0	0	0	nan	0	0	0	0	0	0	nan	0	0	0	0.000912	0.000060	0.000912	0.000060	nan	nan
30	U	294	260827	253814	0.001158	10	0	260819	0	0	0	nan	0	0	0	0	0	0	nan	0	0	0	0.001158	0.000068	0.001158	0.000068	nan	nan
31	U	372	260858	255269	0.001457	10	0	260849	0	0	0	nan	0	0	0	0	0	0	nan	0	0	0	0.001457	0.000076	0.001457	0.000076	nan	nan
32	U	300	260902	257006	0.001167	10	0	260893	0	0	0	nan	0	0	0	0	0	0	nan	0	0	0	0.001167	0.000067	0.001167	0.000067	nan	nan
33	G	924	260955	256705	0.003599	10	0	260947	0	0	0	nan	0	0	0	0	0	0	nan	0	0	0	0.003599	0.000118	0.003599	0.000118	0.972440	0.031883
34	A	4394	260975	256471	0.017133	10	1	260967	0	0	0	nan	0	0	0	0	0	0	nan	0	0	0	0.017133	0.000258	0.017133	0.000258	1.003279	0.015108
35	A	3784	260982	254882	0.014846	10	1	260974	0	0	0	nan	0	0	0	0	0	0	nan	0	0	0	0.014846	0.000241	0.014846	0.000241	0.869356	0.014113
36	U	305	260992	254811	0.001197	10	1	260983	0	0	0	nan	0	0	0	0	0	0	nan	0	0	0	0.001197	0.000069	0.001197	0.000069	nan	nan
37	A	4323	260997	255657	0.016909	10	1	260988	0	0	0	nan	0	0	0	0	0	0	nan	0	0	0	0.016909	0.000257	0.016909	0.000257	0.990162	0.015049
38	G	455	261012	255325	0.001782	10	1	261004	0	0	0	nan	0	0	0	0	0	0	nan	0	0	0	0.001782	0.000084	0.001782	0.000084	0.481491	0.022697
39	U	461	261032	257602	0.001790	10	1	261024	0	0	0	nan	0	0	0	0	0	0	nan	0	0	0	0.001790	0.000083	0.001790	0.000083	nan	nan
40	G	947	261057	255856	0.003701	10	2	261049	0	0	0	nan	0	0	0	0	0	0	nan	0	0	0	0.003701	0.000120	0.003701	0.000120	1.000000	0.032424
41	A	4974	261076	256222	0.019413	10	2	261068	0	0	0	nan	0	0	0	0	0	0	nan	0	0	0	0.019413	0.000275	0.019413	0.000275	1.136792	0.016104
42	U	422	261112	254557	0.001658	7	2	261105	0	0	0	nan	0	0	0	0	0	0	nan	0	0	0	0.001658	0.000081	0.001658	0.000081	nan	nan
43	U	462	261131	254681	0.001814	7	2	261125	0	0	0	nan	0	0	0	0	0	0	nan	0	0	0	0.001814	0.000084	0.001814	0.000084	nan	nan
44	C	5662	261153	254458	0.022251	7	2	261147	0	0	0	nan	0	0	0	0	0	0	nan	0	0	0	0.022251	0.000296	0.022251	0.000296	0.994103	0.013224
45	A	4490	261192	256176	0.017527	7	2	261186	0	0	0	nan	0	0	0	0	0	0	nan	0	0	0	0.017527	0.000262	0.017527	0.000262	1.026351	0.015342
46	G	869	261234	257445	0.003375	7	2	261229	0	0	0	nan	0	0	0	0	0	0	nan	0	0	0	0.003375	0.000115	0.003375	0.000115	0.911916	0.031073
47	G	757	261258	256884	0.002947	7	2	261253	0	0	0	nan	0	0	0	0	0	0	nan	0	0	0	0.002947	0.000107	0.002947	0.000107	0.796271	0.028911
48	A	3949	261265	251203	0.015720	7	2	261259	0	0	0	nan	0	0	0	0	0	0	nan	0	0	0	0.015720	0.000250	0.015720	0.000250	0.920536	0.014640
49	G	1018	261332	251112	0.004054	7	2	261329	0	0	0	nan	0	0	0	0	0	0	nan	0	0	0	0.004054	0.000127	0.004054	0.000127	1.095380	0.034315
50	G	474	261348	251782	0.001883	6	2	261346	0	0	0	nan	0	0	0	0	0	0	nan	0	0	0	0.001883	0.000086	0.001883	0.000086	0.508781	0.023237
51	U	270	261357	251466	0.001074	6	2	261355	0	0	0	nan	0	0	0	0	0	0	nan	0	0	0	0.001074	0.000065	0.001074	0.000065	nan	nan
52	U	404	261366	256785	0.001573	6	2	261365	0	0	0	nan	0	0	0	0	0	0	nan	0	0	0	0.001573	0.000078	0.001573	0.000078	nan	nan
53	A	4175	261367	256722	0.016263	4	2	261366	0	0	0	nan	0	0	0	0	0	0	nan	0	0	0	0.016263	0.000252	0.016263	0.000252	0.952334	0.014757
54	A	3752	261353	257101	0.014593	4	2	261351	0	0	0	nan	0	0	0	0	0	0	nan	0	0	0	0.014593	0.000238	0.014593	0.000238	0.854541	0.013937
55	U	832	261356	257872	0.003226	4	2	261354	0	0	0	nan	0	0	0	0	0	0	nan	0	0	0	0.003226	0.000112	0.003226	0.000112	nan	nan
56	G	1145	261357	258442	0.004430	4	2	261357	0	0	0	nan	0	0	0	0	0	0	nan	0	0	0	0.004430	0.000131	0.004430	0.000131	1.196974	0.035396
57	G	0	261360	257718	0.000000	4	2	261360	0	0	0	nan	0	0	0	0	0	0	nan	0	0	0	0.000000	0.000000	0.000000	0.000000	0.000000	0.000000
58	A	0	261361	0	nan	4	2	261361	0	0	0	nan	0	0	0	0	0	0	nan	0	0	0	nan	nan	nan	nan	nan	nan
59	A	0	261361	0	nan	4	2	261361	0	0	0	nan	0	0	0	0	0	0	nan	0	0	0	nan	nan	nan	nan	nan	nan
60	G	0	261361	0	nan	4	2	261361	0	0	0	nan	0	0	0	0	0	0	nan	0	0	0	nan	nan	nan	nan	nan	nan
61	u	0	261361	0	nan	4	2	261361	0	0	0	nan	0	0	0	0	0	0	nan	0	0	0	nan	nan	nan	nan	nan	nan
62	a	0	261361	0	nan	4	2	261361	0	0	0	nan	0	0	0	0	0	0	nan	0	0	0	nan	nan	nan	nan	nan	nan
63	a	0	261361	0	nan	4	2	261361	0	0	0	nan	0	0	0	0	0	0	nan	0	0	0	nan	nan	nan	nan	nan	nan
64	a	0	261361	0	nan	4	2	261361	0	0	0	nan	0	0	0	0	0	0	nan	0	0	0	nan	nan	nan	nan	nan	nan
65	g	0	261361	0	nan	4	2	261361	0	0	0	nan	0	0	0	0	0	0	nan	0	0	0	nan	nan	nan	nan	nan	nan
66	g	0	261361	0	nan	4	2	261361	0	0	0	nan	0	0	0	0	0	0	nan	0	0	0	nan	nan	nan	nan	nan	nan
67	u	0	261361	0	nan	3	2	261361	0	0	0	nan	0	0	0	0	0	0	nan	0	0	0	nan	nan	nan	nan	nan	nan
68	a	0	261361	0	nan	3	2	261361	0	0	0	nan	0	0	0	0	0	0	nan	0	0	0	nan	nan	nan	nan	nan	nan
69	a	0	261361	0	nan	3	2	261361	0	0	0	nan	0	0	0	0	0	0	nan	0	0	0	nan	nan	nan	nan	nan	nan
70	u	0	261361	0	nan	3	2	261361	0	0	0	nan	0	0	0	0	0	0	nan	0	0	0	nan	nan	nan	nan	nan	nan
71	g	0	261360	0	nan	3	2	261360	0	0	0	nan	0	0	0	0	0	0	nan	0	0	0	nan	nan	nan	nan	nan	nan
72	a	0	261358	0	nan	3	2	261358	0	0	0	nan	0	0	0	0	0	0	nan	0	0	0	nan	nan	nan	nan	nan	nan
73	a	0	261358	0	nan	3	2	261358	0	0	0	nan	0	0	0	0	0	0	nan	0	0	0	nan	nan	nan	nan	nan	nan
74	g	0	261358	0	nan	3	2	261358	0	0	0	nan	0	0	0	0	0	0	nan	0	0	0	nan	nan	nan	nan	nan	nan
75	g	0	261358	0	nan	3	2	261358	0	0	0	nan	0	0	0	0	0	0	nan	0	0	0	nan	nan	nan	nan	nan	nan
76	u	0	261354	0	nan	3	2	261354	0	0	0	nan	0	0	0	0	0	0	nan	0	0	0	nan	nan	nan	nan	nan	nan
77	g	0	261344	0	nan	3	2	261344	0	0	0	nan	0	0	0	0	0	0	nan	0	0	0	nan	nan	nan	nan	nan	nan
78	a	0	261325	0	nan	3	2	261325	0	0	0	nan	0	0	0	0	0	0	nan	0	0	0	nan	nan	nan	nan	nan	nan
79	a	0	261298	0	nan	3	2	261298	0	0	0	nan	0	0	0	0	0	0	nan	0	0	0	nan	nan	nan	nan	nan	nan
80	g	0	261145	0	nan	3	2	261145	0	0	0	nan	0	0	0	0	0	0	nan	0	0	0	nan	nan	nan	nan	nan	nan