Nucleotide	Sequence	Modified_mutations	Modified_read_depth	Modified_effective_depth	Modified_rate	Modified_off_target_mapped_depth	Modified_low_mapq_mapped_depth	Modified_primer_pair_1_mapped_depth	Untreated_mutations	Untreated_read_depth	Untreated_effective_depth	Untreated_rate	Untreated_off_target_mapped_depth	Untreated_low_mapq_mapped_depth	Untreated_primer_pair_1_mapped_depth	Denatured_mutations	Denatured_read_depth	Denatured_effective_depth	Denatured_rate	Denatured_off_target_mapped_depth	Denatured_low_mapq_mapped_depth	Denatured_primer_pair_1_mapped_depth	Reactivity_profile	Std_err	HQ_profile	HQ_stderr	Norm_profile	Norm_stderr
1	g	0	1535	0	nan	0	0	1535	0	0	0	nan	0	0	0	0	0	0	nan	0	0	0	nan	nan	nan	nan	nan	nan
2	g	0	1538	0	nan	0	0	1538	0	0	0	nan	0	0	0	0	0	0	nan	0	0	0	nan	nan	nan	nan	nan	nan
3	u	0	1538	0	nan	0	0	1538	0	0	0	nan	0	0	0	0	0	0	nan	0	0	0	nan	nan	nan	nan	nan	nan
4	g	0	1538	0	nan	0	0	1538	0	0	0	nan	0	0	0	0	0	0	nan	0	0	0	nan	nan	nan	nan	nan	nan
5	u	0	1538	0	nan	0	0	1538	0	0	0	nan	0	0	0	0	0	0	nan	0	0	0	nan	nan	nan	nan	nan	nan
6	a	0	1538	0	nan	0	0	1538	0	0	0	nan	0	0	0	0	0	0	nan	0	0	0	nan	nan	nan	nan	nan	nan
7	a	0	1539	0	nan	0	0	1539	0	0	0	nan	0	0	0	0	0	0	nan	0	0	0	nan	nan	nan	nan	nan	nan
8	g	0	1544	0	nan	0	0	1544	0	0	0	nan	0	0	0	0	0	0	nan	0	0	0	nan	nan	nan	nan	nan	nan
9	g	0	1611	0	nan	0	0	1611	0	0	0	nan	0	0	0	0	0	0	nan	0	0	0	nan	nan	nan	nan	nan	nan
10	g	0	9571	0	nan	0	0	9571	0	0	0	nan	0	0	0	0	0	0	nan	0	0	0	nan	nan	nan	nan	nan	nan
11	u	0	9902	0	nan	0	0	9902	0	0	0	nan	0	0	0	0	0	0	nan	0	0	0	nan	nan	nan	nan	nan	nan
12	g	0	9915	0	nan	0	0	9915	0	0	0	nan	0	0	0	0	0	0	nan	0	0	0	nan	nan	nan	nan	nan	nan
13	a	0	9916	0	nan	0	0	9916	0	0	0	nan	0	0	0	0	0	0	nan	0	0	0	nan	nan	nan	nan	nan	nan
14	a	0	9917	0	nan	0	0	9917	0	0	0	nan	0	0	0	0	0	0	nan	0	0	0	nan	nan	nan	nan	nan	nan
15	g	0	9917	0	nan	0	0	9917	0	0	0	nan	0	0	0	0	0	0	nan	0	0	0	nan	nan	nan	nan	nan	nan
16	u	0	9919	0	nan	0	0	9919	0	0	0	nan	0	0	0	0	0	0	nan	0	0	0	nan	nan	nan	nan	nan	nan
17	g	0	9920	0	nan	0	0	9920	0	0	0	nan	0	0	0	0	0	0	nan	0	0	0	nan	nan	nan	nan	nan	nan
18	u	0	9920	0	nan	0	0	9920	0	0	0	nan	0	0	0	0	0	0	nan	0	0	0	nan	nan	nan	nan	nan	nan
19	a	0	9921	0	nan	0	0	9921	0	0	0	nan	0	0	0	0	0	0	nan	0	0	0	nan	nan	nan	nan	nan	nan
20	A	0	9922	0	nan	0	0	9922	0	0	0	nan	0	0	0	0	0	0	nan	0	0	0	nan	nan	nan	nan	nan	nan
21	G	0	9922	0	nan	0	0	9922	0	0	0	nan	0	0	0	0	0	0	nan	0	0	0	nan	nan	nan	nan	nan	nan
22	G	0	9923	0	nan	0	0	9923	0	0	0	nan	0	0	0	0	0	0	nan	0	0	0	nan	nan	nan	nan	nan	nan
23	U	0	9924	9511	0.000000	0	0	9924	0	0	0	nan	0	0	0	0	0	0	nan	0	0	0	0.000000	0.000000	0.000000	0.000000	0.000000	0.000000
24	U	18	9924	9782	0.001840	0	0	9924	0	0	0	nan	0	0	0	0	0	0	nan	0	0	0	0.001840	0.000434	0.001840	0.000434	0.715675	0.168806
25	G	24	9925	9790	0.002451	0	0	9925	0	0	0	nan	0	0	0	0	0	0	nan	0	0	0	0.002451	0.000500	0.002451	0.000500	0.400637	0.081729
26	A	84	9925	9747	0.008618	0	0	9925	0	0	0	nan	0	0	0	0	0	0	nan	0	0	0	0.008618	0.000940	0.008618	0.000940	0.788094	0.085961
27	A	107	9925	9701	0.011030	0	0	9925	0	0	0	nan	0	0	0	0	0	0	nan	0	0	0	0.011030	0.001066	0.011030	0.001066	1.008665	0.097483
28	C	134	9925	9652	0.013883	0	0	9925	0	0	0	nan	0	0	0	0	0	0	nan	0	0	0	0.013883	0.001199	0.013883	0.001199	0.936364	0.080869
29	U	10	9926	9662	0.001035	0	0	9926	0	0	0	nan	0	0	0	0	0	0	nan	0	0	0	0.001035	0.000327	0.001035	0.000327	0.402567	0.127188
30	U	9	9927	9677	0.000930	0	0	9927	0	0	0	nan	0	0	0	0	0	0	nan	0	0	0	0.000930	0.000310	0.000930	0.000310	0.361727	0.120576
31	U	12	9927	9724	0.001234	0	0	9927	0	0	0	nan	0	0	0	0	0	0	nan	0	0	0	0.001234	0.000356	0.001234	0.000356	0.479969	0.138468
32	U	7	9927	9795	0.000715	0	0	9927	0	0	0	nan	0	0	0	0	0	0	nan	0	0	0	0.000715	0.000270	0.000715	0.000270	0.278102	0.105018
33	G	73	9928	9771	0.007471	0	0	9928	0	0	0	nan	0	0	0	0	0	0	nan	0	0	0	0.007471	0.000874	0.007471	0.000874	1.221201	0.142863
34	A	103	9930	9767	0.010546	0	0	9930	0	0	0	nan	0	0	0	0	0	0	nan	0	0	0	0.010546	0.001039	0.010546	0.001039	0.964404	0.095014
35	A	98	9932	9718	0.010084	0	0	9932	0	0	0	nan	0	0	0	0	0	0	nan	0	0	0	0.010084	0.001019	0.010084	0.001019	0.922155	0.093185
36	U	10	9932	9716	0.001029	0	0	9932	0	0	0	nan	0	0	0	0	0	0	nan	0	0	0	0.001029	0.000325	0.001029	0.000325	0.400233	0.126410
37	A	100	9931	9743	0.010264	0	0	9931	0	0	0	nan	0	0	0	0	0	0	nan	0	0	0	0.010264	0.001026	0.010264	0.001026	0.938616	0.093825
38	G	8	9931	9740	0.000821	0	0	9931	0	0	0	nan	0	0	0	0	0	0	nan	0	0	0	0.000821	0.000290	0.000821	0.000290	0.134200	0.047403
39	U	9	9932	9808	0.000918	0	0	9932	0	0	0	nan	0	0	0	0	0	0	nan	0	0	0	0.000918	0.000306	0.000918	0.000306	0.357060	0.119020
40	G	42	9932	9767	0.004300	0	0	9932	0	0	0	nan	0	0	0	0	0	0	nan	0	0	0	0.004300	0.000664	0.004300	0.000664	0.702873	0.108537
41	A	127	9933	9791	0.012971	0	0	9933	0	0	0	nan	0	0	0	0	0	0	nan	0	0	0	0.012971	0.001151	0.012971	0.001151	1.186164	0.105256
42	U	25	9935	9724	0.002571	0	0	9935	0	0	0	nan	0	0	0	0	0	0	nan	0	0	0	0.002571	0.000514	0.002571	0.000514	1.000000	0.199922
43	U	17	9936	9695	0.001753	0	0	9936	0	0	0	nan	0	0	0	0	0	0	nan	0	0	0	0.001753	0.000425	0.001753	0.000425	0.681836	0.165305
44	C	147	9937	9709	0.015141	0	0	9937	0	0	0	nan	0	0	0	0	0	0	nan	0	0	0	0.015141	0.001249	0.015141	0.001249	1.021212	0.084241
45	A	104	9940	9764	0.010651	0	0	9940	0	0	0	nan	0	0	0	0	0	0	nan	0	0	0	0.010651	0.001044	0.010651	0.001044	0.974006	0.095471
46	G	46	9942	9824	0.004682	0	0	9942	0	0	0	nan	0	0	0	0	0	0	nan	0	0	0	0.004682	0.000690	0.004682	0.000690	0.765314	0.112787
47	G	38	9942	9803	0.003876	0	0	9942	0	0	0	nan	0	0	0	0	0	0	nan	0	0	0	0.003876	0.000629	0.003876	0.000629	0.633566	0.102816
48	A	92	9942	9570	0.009613	0	0	9942	0	0	0	nan	0	0	0	0	0	0	nan	0	0	0	0.009613	0.001002	0.009613	0.001002	0.879084	0.091630
49	G	56	9944	9577	0.005847	0	0	9944	0	0	0	nan	0	0	0	0	0	0	nan	0	0	0	0.005847	0.000781	0.005847	0.000781	0.955744	0.127661
50	G	15	9945	9598	0.001563	0	0	9945	0	0	0	nan	0	0	0	0	0	0	nan	0	0	0	0.001563	0.000404	0.001563	0.000404	0.255486	0.066037
51	U	9	9945	9582	0.000939	0	0	9945	0	0	0	nan	0	0	0	0	0	0	nan	0	0	0	0.000939	0.000313	0.000939	0.000313	0.365228	0.121743
52	U	14	9945	9797	0.001429	0	0	9945	0	0	0	nan	0	0	0	0	0	0	nan	0	0	0	0.001429	0.000382	0.001429	0.000382	0.555815	0.148580
53	A	109	9946	9804	0.011118	0	0	9946	0	0	0	nan	0	0	0	0	0	0	nan	0	0	0	0.011118	0.001065	0.011118	0.001065	1.016712	0.097391
54	A	72	9945	9798	0.007348	0	0	9945	0	0	0	nan	0	0	0	0	0	0	nan	0	0	0	0.007348	0.000866	0.007348	0.000866	0.671955	0.079193
55	U	32	9945	9811	0.003262	0	0	9945	0	0	0	nan	0	0	0	0	0	0	nan	0	0	0	0.003262	0.000577	0.003262	0.000577	1.268767	0.224426
56	G	68	9945	9813	0.006930	0	0	9945	0	0	0	nan	0	0	0	0	0	0	nan	0	0	0	0.006930	0.000840	0.006930	0.000840	1.132769	0.137305
57	G	0	9945	9804	0.000000	0	0	9945	0	0	0	nan	0	0	0	0	0	0	nan	0	0	0	0.000000	0.000000	0.000000	0.000000	0.000000	0.000000
58	A	0	9945	0	nan	0	0	9945	0	0	0	nan	0	0	0	0	0	0	nan	0	0	0	nan	nan	nan	nan	nan	nan
59	A	0	9945	0	nan	0	0	9945	0	0	0	nan	0	0	0	0	0	0	nan	0	0	0	nan	nan	nan	nan	nan	nan
60	G	0	9945	0	nan	0	0	9945	0	0	0	nan	0	0	0	0	0	0	nan	0	0	0	nan	nan	nan	nan	nan	nan
61	u	0	9945	0	nan	0	0	9945	0	0	0	nan	0	0	0	0	0	0	nan	0	0	0	nan	nan	nan	nan	nan	nan
62	a	0	9945	0	nan	0	0	9945	0	0	0	nan	0	0	0	0	0	0	nan	0	0	0	nan	nan	nan	nan	nan	nan
63	a	0	9945	0	nan	0	0	9945	0	0	0	nan	0	0	0	0	0	0	nan	0	0	0	nan	nan	nan	nan	nan	nan
64	a	0	9945	0	nan	0	0	9945	0	0	0	nan	0	0	0	0	0	0	nan	0	0	0	nan	nan	nan	nan	nan	nan
65	g	0	9945	0	nan	0	0	9945	0	0	0	nan	0	0	0	0	0	0	nan	0	0	0	nan	nan	nan	nan	nan	nan
66	g	0	9945	0	nan	0	0	9945	0	0	0	nan	0	0	0	0	0	0	nan	0	0	0	nan	nan	nan	nan	nan	nan
67	u	0	9945	0	nan	0	0	9945	0	0	0	nan	0	0	0	0	0	0	nan	0	0	0	nan	nan	nan	nan	nan	nan
68	a	0	9945	0	nan	0	0	9945	0	0	0	nan	0	0	0	0	0	0	nan	0	0	0	nan	nan	nan	nan	nan	nan
69	a	0	9945	0	nan	0	0	9945	0	0	0	nan	0	0	0	0	0	0	nan	0	0	0	nan	nan	nan	nan	nan	nan
70	u	0	9945	0	nan	0	0	9945	0	0	0	nan	0	0	0	0	0	0	nan	0	0	0	nan	nan	nan	nan	nan	nan
71	g	0	9945	0	nan	0	0	9945	0	0	0	nan	0	0	0	0	0	0	nan	0	0	0	nan	nan	nan	nan	nan	nan
72	a	0	9945	0	nan	0	0	9945	0	0	0	nan	0	0	0	0	0	0	nan	0	0	0	nan	nan	nan	nan	nan	nan
73	a	0	9945	0	nan	0	0	9945	0	0	0	nan	0	0	0	0	0	0	nan	0	0	0	nan	nan	nan	nan	nan	nan
74	g	0	9945	0	nan	0	0	9945	0	0	0	nan	0	0	0	0	0	0	nan	0	0	0	nan	nan	nan	nan	nan	nan
75	g	0	9945	0	nan	0	0	9945	0	0	0	nan	0	0	0	0	0	0	nan	0	0	0	nan	nan	nan	nan	nan	nan
76	u	0	9945	0	nan	0	0	9945	0	0	0	nan	0	0	0	0	0	0	nan	0	0	0	nan	nan	nan	nan	nan	nan
77	g	0	9945	0	nan	0	0	9945	0	0	0	nan	0	0	0	0	0	0	nan	0	0	0	nan	nan	nan	nan	nan	nan
78	a	0	9944	0	nan	0	0	9944	0	0	0	nan	0	0	0	0	0	0	nan	0	0	0	nan	nan	nan	nan	nan	nan
79	a	0	9941	0	nan	0	0	9941	0	0	0	nan	0	0	0	0	0	0	nan	0	0	0	nan	nan	nan	nan	nan	nan
80	g	0	9935	0	nan	0	0	9935	0	0	0	nan	0	0	0	0	0	0	nan	0	0	0	nan	nan	nan	nan	nan	nan