Nucleotide	Sequence	Modified_mutations	Modified_read_depth	Modified_effective_depth	Modified_rate	Modified_off_target_mapped_depth	Modified_low_mapq_mapped_depth	Modified_primer_pair_1_mapped_depth	Untreated_mutations	Untreated_read_depth	Untreated_effective_depth	Untreated_rate	Untreated_off_target_mapped_depth	Untreated_low_mapq_mapped_depth	Untreated_primer_pair_1_mapped_depth	Denatured_mutations	Denatured_read_depth	Denatured_effective_depth	Denatured_rate	Denatured_off_target_mapped_depth	Denatured_low_mapq_mapped_depth	Denatured_primer_pair_1_mapped_depth	Reactivity_profile	Std_err	HQ_profile	HQ_stderr
1	g	0	37715	0	nan	4	0	37715	0	0	0	nan	0	0	0	0	0	0	nan	0	0	0	nan	nan	nan	nan
2	g	0	37743	0	nan	4	0	37743	0	0	0	nan	0	0	0	0	0	0	nan	0	0	0	nan	nan	nan	nan
3	u	0	37762	0	nan	4	0	37762	0	0	0	nan	0	0	0	0	0	0	nan	0	0	0	nan	nan	nan	nan
4	g	0	37775	0	nan	4	0	37775	0	0	0	nan	0	0	0	0	0	0	nan	0	0	0	nan	nan	nan	nan
5	u	0	37789	0	nan	4	0	37789	0	0	0	nan	0	0	0	0	0	0	nan	0	0	0	nan	nan	nan	nan
6	a	0	37800	0	nan	4	0	37800	0	0	0	nan	0	0	0	0	0	0	nan	0	0	0	nan	nan	nan	nan
7	a	0	37834	0	nan	4	0	37834	0	0	0	nan	0	0	0	0	0	0	nan	0	0	0	nan	nan	nan	nan
8	g	0	37925	0	nan	4	0	37925	0	0	0	nan	0	0	0	0	0	0	nan	0	0	0	nan	nan	nan	nan
9	g	0	39365	0	nan	4	0	39365	0	0	0	nan	0	0	0	0	0	0	nan	0	0	0	nan	nan	nan	nan
10	g	0	237339	0	nan	5	0	237339	0	0	0	nan	0	0	0	0	0	0	nan	0	0	0	nan	nan	nan	nan
11	u	0	245733	0	nan	5	0	245733	0	0	0	nan	0	0	0	0	0	0	nan	0	0	0	nan	nan	nan	nan
12	g	0	245965	0	nan	5	1	245965	0	0	0	nan	0	0	0	0	0	0	nan	0	0	0	nan	nan	nan	nan
13	a	0	245989	0	nan	5	1	245989	0	0	0	nan	0	0	0	0	0	0	nan	0	0	0	nan	nan	nan	nan
14	a	0	245995	0	nan	5	1	245995	0	0	0	nan	0	0	0	0	0	0	nan	0	0	0	nan	nan	nan	nan
15	g	0	246018	0	nan	7	1	246018	0	0	0	nan	0	0	0	0	0	0	nan	0	0	0	nan	nan	nan	nan
16	u	0	246031	0	nan	7	1	246031	0	0	0	nan	0	0	0	0	0	0	nan	0	0	0	nan	nan	nan	nan
17	g	0	246049	0	nan	7	1	246049	0	0	0	nan	0	0	0	0	0	0	nan	0	0	0	nan	nan	nan	nan
18	u	0	246051	0	nan	7	1	246051	0	0	0	nan	0	0	0	0	0	0	nan	0	0	0	nan	nan	nan	nan
19	a	0	246126	0	nan	7	1	246126	0	0	0	nan	0	0	0	0	0	0	nan	0	0	0	nan	nan	nan	nan
20	A	0	246159	14	0.000000	7	1	246159	0	0	0	nan	0	0	0	0	0	0	nan	0	0	0	0.000000	0.000000	nan	nan
21	G	0	246211	28	0.000000	7	1	246211	0	0	0	nan	0	0	0	0	0	0	nan	0	0	0	0.000000	0.000000	nan	nan
22	G	0	246222	30	0.000000	7	1	246222	0	0	0	nan	0	0	0	0	0	0	nan	0	0	0	0.000000	0.000000	nan	nan
23	U	0	246237	235663	0.000000	7	1	246237	0	0	0	nan	0	0	0	0	0	0	nan	0	0	0	0.000000	0.000000	0.000000	0.000000
24	U	238	246251	242597	0.000981	7	1	246251	0	0	0	nan	0	0	0	0	0	0	nan	0	0	0	0.000981	0.000064	0.000981	0.000064
25	G	532	246262	242975	0.002190	7	1	246262	0	0	0	nan	0	0	0	0	0	0	nan	0	0	0	0.002190	0.000095	0.002190	0.000095
26	A	1840	246272	241838	0.007608	7	1	246272	0	0	0	nan	0	0	0	0	0	0	nan	0	0	0	0.007608	0.000177	0.007608	0.000177
27	A	2108	246279	240278	0.008773	7	1	246279	0	0	0	nan	0	0	0	0	0	0	nan	0	0	0	0.008773	0.000191	0.008773	0.000191
28	C	2828	246289	238843	0.011840	7	1	246288	0	0	0	nan	0	0	0	0	0	0	nan	0	0	0	0.011840	0.000223	0.011840	0.000223
29	U	216	246306	239308	0.000903	7	1	246303	0	0	0	nan	0	0	0	0	0	0	nan	0	0	0	0.000903	0.000061	0.000903	0.000061
30	U	236	246323	239763	0.000984	6	1	246310	0	0	0	nan	0	0	0	0	0	0	nan	0	0	0	0.000984	0.000064	0.000984	0.000064
31	U	306	246348	241342	0.001268	6	1	246335	0	0	0	nan	0	0	0	0	0	0	nan	0	0	0	0.001268	0.000072	0.001268	0.000072
32	U	222	246390	242840	0.000914	6	1	246377	0	0	0	nan	0	0	0	0	0	0	nan	0	0	0	0.000914	0.000061	0.000914	0.000061
33	G	1419	246428	242577	0.005850	6	1	246414	0	0	0	nan	0	0	0	0	0	0	nan	0	0	0	0.005850	0.000155	0.005850	0.000155
34	A	2327	246440	242366	0.009601	6	1	246426	0	0	0	nan	0	0	0	0	0	0	nan	0	0	0	0.009601	0.000199	0.009601	0.000199
35	A	1935	246448	240916	0.008032	6	1	246434	0	0	0	nan	0	0	0	0	0	0	nan	0	0	0	0.008032	0.000183	0.008032	0.000183
36	U	212	246451	240791	0.000880	6	1	246438	0	0	0	nan	0	0	0	0	0	0	nan	0	0	0	0.000880	0.000060	0.000880	0.000060
37	A	2347	246458	241614	0.009714	6	1	246443	0	0	0	nan	0	0	0	0	0	0	nan	0	0	0	0.009714	0.000201	0.009714	0.000201
38	G	370	246473	241279	0.001533	8	1	246461	0	0	0	nan	0	0	0	0	0	0	nan	0	0	0	0.001533	0.000080	0.001533	0.000080
39	U	398	246484	243310	0.001636	8	1	246474	0	0	0	nan	0	0	0	0	0	0	nan	0	0	0	0.001636	0.000082	0.001636	0.000082
40	G	980	246512	241964	0.004050	8	1	246503	0	0	0	nan	0	0	0	0	0	0	nan	0	0	0	0.004050	0.000129	0.004050	0.000129
41	A	2878	246539	242571	0.011865	8	1	246531	0	0	0	nan	0	0	0	0	0	0	nan	0	0	0	0.011865	0.000221	0.011865	0.000221
42	U	421	246569	241007	0.001747	8	1	246564	0	0	0	nan	0	0	0	0	0	0	nan	0	0	0	0.001747	0.000085	0.001747	0.000085
43	U	391	246600	240911	0.001623	8	1	246595	0	0	0	nan	0	0	0	0	0	0	nan	0	0	0	0.001623	0.000082	0.001623	0.000082
44	C	3199	246618	241025	0.013272	8	1	246613	0	0	0	nan	0	0	0	0	0	0	nan	0	0	0	0.013272	0.000235	0.013272	0.000235
45	A	2444	246657	242540	0.010077	8	1	246652	0	0	0	nan	0	0	0	0	0	0	nan	0	0	0	0.010077	0.000204	0.010077	0.000204
46	G	1166	246702	243719	0.004784	8	2	246699	0	0	0	nan	0	0	0	0	0	0	nan	0	0	0	0.004784	0.000140	0.004784	0.000140
47	G	955	246714	243110	0.003928	8	2	246711	0	0	0	nan	0	0	0	0	0	0	nan	0	0	0	0.003928	0.000127	0.003928	0.000127
48	A	2088	246720	237451	0.008793	8	2	246717	0	0	0	nan	0	0	0	0	0	0	nan	0	0	0	0.008793	0.000192	0.008793	0.000192
49	G	1342	246780	237368	0.005654	8	2	246779	0	0	0	nan	0	0	0	0	0	0	nan	0	0	0	0.005654	0.000154	0.005654	0.000154
50	G	351	246800	237890	0.001475	5	2	246800	0	0	0	nan	0	0	0	0	0	0	nan	0	0	0	0.001475	0.000079	0.001475	0.000079
51	U	178	246809	237553	0.000749	5	2	246809	0	0	0	nan	0	0	0	0	0	0	nan	0	0	0	0.000749	0.000056	0.000749	0.000056
52	U	299	246814	242881	0.001231	5	2	246814	0	0	0	nan	0	0	0	0	0	0	nan	0	0	0	0.001231	0.000071	0.001231	0.000071
53	A	2052	246817	243093	0.008441	5	2	246817	0	0	0	nan	0	0	0	0	0	0	nan	0	0	0	0.008441	0.000186	0.008441	0.000186
54	A	1875	246805	243222	0.007709	5	2	246804	0	0	0	nan	0	0	0	0	0	0	nan	0	0	0	0.007709	0.000178	0.007709	0.000178
55	U	796	246808	243697	0.003266	5	2	246807	0	0	0	nan	0	0	0	0	0	0	nan	0	0	0	0.003266	0.000116	0.003266	0.000116
56	G	1564	246817	243923	0.006412	5	2	246816	0	0	0	nan	0	0	0	0	0	0	nan	0	0	0	0.006412	0.000162	0.006412	0.000162
57	G	0	246820	243547	0.000000	5	2	246819	0	0	0	nan	0	0	0	0	0	0	nan	0	0	0	0.000000	0.000000	0.000000	0.000000
58	A	0	246823	0	nan	5	2	246823	0	0	0	nan	0	0	0	0	0	0	nan	0	0	0	nan	nan	nan	nan
59	A	0	246823	0	nan	5	2	246823	0	0	0	nan	0	0	0	0	0	0	nan	0	0	0	nan	nan	nan	nan
60	G	0	246823	0	nan	5	2	246823	0	0	0	nan	0	0	0	0	0	0	nan	0	0	0	nan	nan	nan	nan
61	u	0	246823	0	nan	5	2	246823	0	0	0	nan	0	0	0	0	0	0	nan	0	0	0	nan	nan	nan	nan
62	a	0	246823	0	nan	5	2	246823	0	0	0	nan	0	0	0	0	0	0	nan	0	0	0	nan	nan	nan	nan
63	a	0	246823	0	nan	5	2	246823	0	0	0	nan	0	0	0	0	0	0	nan	0	0	0	nan	nan	nan	nan
64	a	0	246823	0	nan	5	2	246823	0	0	0	nan	0	0	0	0	0	0	nan	0	0	0	nan	nan	nan	nan
65	g	0	246823	0	nan	5	2	246823	0	0	0	nan	0	0	0	0	0	0	nan	0	0	0	nan	nan	nan	nan
66	g	0	246823	0	nan	5	2	246823	0	0	0	nan	0	0	0	0	0	0	nan	0	0	0	nan	nan	nan	nan
67	u	0	246823	0	nan	5	2	246823	0	0	0	nan	0	0	0	0	0	0	nan	0	0	0	nan	nan	nan	nan
68	a	0	246823	0	nan	4	2	246823	0	0	0	nan	0	0	0	0	0	0	nan	0	0	0	nan	nan	nan	nan
69	a	0	246823	0	nan	4	2	246823	0	0	0	nan	0	0	0	0	0	0	nan	0	0	0	nan	nan	nan	nan
70	u	0	246823	0	nan	4	2	246823	0	0	0	nan	0	0	0	0	0	0	nan	0	0	0	nan	nan	nan	nan
71	g	0	246823	0	nan	4	2	246823	0	0	0	nan	0	0	0	0	0	0	nan	0	0	0	nan	nan	nan	nan
72	a	0	246821	0	nan	4	2	246821	0	0	0	nan	0	0	0	0	0	0	nan	0	0	0	nan	nan	nan	nan
73	a	0	246819	0	nan	4	2	246819	0	0	0	nan	0	0	0	0	0	0	nan	0	0	0	nan	nan	nan	nan
74	g	0	246819	0	nan	4	2	246819	0	0	0	nan	0	0	0	0	0	0	nan	0	0	0	nan	nan	nan	nan
75	g	0	246818	0	nan	4	2	246818	0	0	0	nan	0	0	0	0	0	0	nan	0	0	0	nan	nan	nan	nan
76	u	0	246812	0	nan	4	2	246812	0	0	0	nan	0	0	0	0	0	0	nan	0	0	0	nan	nan	nan	nan
77	g	0	246810	0	nan	4	2	246810	0	0	0	nan	0	0	0	0	0	0	nan	0	0	0	nan	nan	nan	nan
78	a	0	246800	0	nan	4	2	246800	0	0	0	nan	0	0	0	0	0	0	nan	0	0	0	nan	nan	nan	nan
79	a	0	246764	0	nan	4	2	246764	0	0	0	nan	0	0	0	0	0	0	nan	0	0	0	nan	nan	nan	nan
80	g	0	246638	0	nan	4	2	246638	0	0	0	nan	0	0	0	0	0	0	nan	0	0	0	nan	nan	nan	nan